<!DOCTYPE html>
<html class="" lang="en">
<head prefix="og: http://ogp.me/ns#">
<meta charset="utf-8">
<meta content="IE=edge" http-equiv="X-UA-Compatible">
<meta content="object" property="og:type">
<meta content="GitLab" property="og:site_name">
<meta content="03-Python/Homework/Instructions/PyPoll/Resources/election_data.csv · master · GW-Coding-Boot-Camp / GWARL201808DATA3" property="og:title">
<meta content="GitLab Community Edition" property="og:description">
<meta content="https://gw.bootcampcontent.com/assets/gitlab_logo-7ae504fe4f68fdebb3c2034e36621930cd36ea87924c11ff65dbcb8ed50dca58.png" property="og:image">
<meta content="64" property="og:image:width">
<meta content="64" property="og:image:height">
<meta content="https://gw.bootcampcontent.com/GW-Coding-Boot-Camp/GWARL201808DATA3/blob/master/03-Python/Homework/Instructions/PyPoll/Resources/election_data.csv" property="og:url">
<meta content="summary" property="twitter:card">
<meta content="03-Python/Homework/Instructions/PyPoll/Resources/election_data.csv · master · GW-Coding-Boot-Camp / GWARL201808DATA3" property="twitter:title">
<meta content="GitLab Community Edition" property="twitter:description">
<meta content="https://gw.bootcampcontent.com/assets/gitlab_logo-7ae504fe4f68fdebb3c2034e36621930cd36ea87924c11ff65dbcb8ed50dca58.png" property="twitter:image">

<title>03-Python/Homework/Instructions/PyPoll/Resources/election_data.csv · master · GW-Coding-Boot-Camp / GWARL201808DATA3 · GitLab</title>
<meta content="GitLab Community Edition" name="description">
<link rel="shortcut icon" type="image/x-icon" href="/assets/favicon-075eba76312e8421991a0c1f89a89ee81678bcde72319dd3e8047e2a47cd3a42.ico" id="favicon" />
<link rel="stylesheet" media="all" href="/assets/application-092388d3f9bc6e23d757e40fe39c713833bc54a06b35c5d5537687ced15f86a5.css" />
<link rel="stylesheet" media="print" href="/assets/print-74b3d49adeaada27337e759b75a34af7cf3d80051de91d60d40570f5a382e132.css" />


<script>
//<![CDATA[
window.gon={};gon.api_version="v4";gon.default_avatar_url="https://gw.bootcampcontent.com/assets/no_avatar-849f9c04a3a0d0cea2424ae97b27447dc64a7dbfae83c036c45b403392f0e8ba.png";gon.max_file_size=10;gon.asset_host=null;gon.webpack_public_path="/assets/webpack/";gon.relative_url_root="";gon.shortcuts_path="/help/shortcuts";gon.user_color_scheme="white";gon.gitlab_url="https://gw.bootcampcontent.com";gon.revision="2011c9b";gon.gitlab_logo="/assets/gitlab_logo-7ae504fe4f68fdebb3c2034e36621930cd36ea87924c11ff65dbcb8ed50dca58.png";gon.sprite_icons="/assets/icons-fe86f87a3d244c952cc0ec8d7f88c5effefcbe454d751d8449d4a1a32aaaf9a0.svg";gon.sprite_file_icons="/assets/file_icons-7262fc6897e02f1ceaf8de43dc33afa5e4f9a2067f4f68ef77dcc87946575e9e.svg";gon.test_env=false;gon.suggested_label_colors=["#0033CC","#428BCA","#44AD8E","#A8D695","#5CB85C","#69D100","#004E00","#34495E","#7F8C8D","#A295D6","#5843AD","#8E44AD","#FFECDB","#AD4363","#D10069","#CC0033","#FF0000","#D9534F","#D1D100","#F0AD4E","#AD8D43"];gon.current_user_id=714;gon.current_username="therealrastie";gon.current_user_fullname="Randolf Fonkwo";gon.current_user_avatar_url="https://secure.gravatar.com/avatar/abf01d6ff029212bf48d41b72f8cee50?s=80\u0026d=identicon";
//]]>
</script>

<script src="/assets/webpack/webpack_runtime.17c9cc9c3b426cc48253.bundle.js" defer="defer"></script>
<script src="/assets/webpack/common.42cdc2fc181a202dfdd8.bundle.js" defer="defer"></script>
<script src="/assets/webpack/main.62a3b66be6f90fe6aeea.bundle.js" defer="defer"></script>

<script src="/assets/webpack/pages.projects.7c6f4cc65f266fb934a2.bundle.js" defer="defer"></script>
<script src="/assets/webpack/pages.projects.blob.show.aa0e52862844e61a1f93.bundle.js" defer="defer"></script>
<script>
  window.uploads_path = "/GW-Coding-Boot-Camp/GWARL201808DATA3/uploads";
</script>

<meta name="csrf-param" content="authenticity_token" />
<meta name="csrf-token" content="qz7YhLJ2mgXW4wF4/t0kgZWOUiX8p+WKHJDqfLxJx1Do7bLoxYZFCcFkaROqhkwVfajYa+VXL9SGZBNm+1vBEA==" />
<meta content="origin-when-cross-origin" name="referrer">
<meta content="width=device-width, initial-scale=1, maximum-scale=1" name="viewport">
<meta content="#474D57" name="theme-color">
<link rel="apple-touch-icon" type="image/x-icon" href="/assets/touch-icon-iphone-5a9cee0e8a51212e70b90c87c12f382c428870c0ff67d1eb034d884b78d2dae7.png" />
<link rel="apple-touch-icon" type="image/x-icon" href="/assets/touch-icon-ipad-a6eec6aeb9da138e507593b464fdac213047e49d3093fc30e90d9a995df83ba3.png" sizes="76x76" />
<link rel="apple-touch-icon" type="image/x-icon" href="/assets/touch-icon-iphone-retina-72e2aadf86513a56e050e7f0f2355deaa19cc17ed97bbe5147847f2748e5a3e3.png" sizes="120x120" />
<link rel="apple-touch-icon" type="image/x-icon" href="/assets/touch-icon-ipad-retina-8ebe416f5313483d9c1bc772b5bbe03ecad52a54eba443e5215a22caed2a16a2.png" sizes="152x152" />
<link color="rgb(226, 67, 41)" href="/assets/logo-d36b5212042cebc89b96df4bf6ac24e43db316143e89926c0db839ff694d2de4.svg" rel="mask-icon">
<meta content="/assets/msapplication-tile-1196ec67452f618d39cdd85e2e3a542f76574c071051ae7effbfde01710eb17d.png" name="msapplication-TileImage">
<meta content="#30353E" name="msapplication-TileColor">



</head>

<body class="ui_indigo " data-find-file="/GW-Coding-Boot-Camp/GWARL201808DATA3/find_file/master" data-group="" data-page="projects:blob:show" data-project="GWARL201808DATA3">


<header class="navbar navbar-gitlab qa-navbar">
<a class="sr-only gl-accessibility" href="#content-body" tabindex="1">Skip to content</a>
<div class="container-fluid">
<div class="header-content">
<div class="title-container">
<h1 class="title">
<a title="Dashboard" id="logo" href="/"><svg width="24" height="24" class="tanuki-logo" viewBox="0 0 36 36">
  <path class="tanuki-shape tanuki-left-ear" fill="#e24329" d="M2 14l9.38 9v-9l-4-12.28c-.205-.632-1.176-.632-1.38 0z"/>
  <path class="tanuki-shape tanuki-right-ear" fill="#e24329" d="M34 14l-9.38 9v-9l4-12.28c.205-.632 1.176-.632 1.38 0z"/>
  <path class="tanuki-shape tanuki-nose" fill="#e24329" d="M18,34.38 3,14 33,14 Z"/>
  <path class="tanuki-shape tanuki-left-eye" fill="#fc6d26" d="M18,34.38 11.38,14 2,14 6,25Z"/>
  <path class="tanuki-shape tanuki-right-eye" fill="#fc6d26" d="M18,34.38 24.62,14 34,14 30,25Z"/>
  <path class="tanuki-shape tanuki-left-cheek" fill="#fca326" d="M2 14L.1 20.16c-.18.565 0 1.2.5 1.56l17.42 12.66z"/>
  <path class="tanuki-shape tanuki-right-cheek" fill="#fca326" d="M34 14l1.9 6.16c.18.565 0 1.2-.5 1.56L18 34.38z"/>
</svg>

<span class="logo-text hidden-xs">
<svg xmlns="http://www.w3.org/2000/svg" viewBox="0 0 617 169"><path d="M315.26 2.97h-21.8l.1 162.5h88.3v-20.1h-66.5l-.1-142.4M465.89 136.95c-5.5 5.7-14.6 11.4-27 11.4-16.6 0-23.3-8.2-23.3-18.9 0-16.1 11.2-23.8 35-23.8 4.5 0 11.7.5 15.4 1.2v30.1h-.1m-22.6-98.5c-17.6 0-33.8 6.2-46.4 16.7l7.7 13.4c8.9-5.2 19.8-10.4 35.5-10.4 17.9 0 25.8 9.2 25.8 24.6v7.9c-3.5-.7-10.7-1.2-15.1-1.2-38.2 0-57.6 13.4-57.6 41.4 0 25.1 15.4 37.7 38.7 37.7 15.7 0 30.8-7.2 36-18.9l4 15.9h15.4v-83.2c-.1-26.3-11.5-43.9-44-43.9M557.63 149.1c-8.2 0-15.4-1-20.8-3.5V70.5c7.4-6.2 16.6-10.7 28.3-10.7 21.1 0 29.2 14.9 29.2 39 0 34.2-13.1 50.3-36.7 50.3m9.2-110.6c-19.5 0-30 13.3-30 13.3v-21l-.1-27.8h-21.3l.1 158.5c10.7 4.5 25.3 6.9 41.2 6.9 40.7 0 60.3-26 60.3-70.9-.1-35.5-18.2-59-50.2-59M77.9 20.6c19.3 0 31.8 6.4 39.9 12.9l9.4-16.3C114.5 6 97.3 0 78.9 0 32.5 0 0 28.3 0 85.4c0 59.8 35.1 83.1 75.2 83.1 20.1 0 37.2-4.7 48.4-9.4l-.5-63.9V75.1H63.6v20.1h38l.5 48.5c-5 2.5-13.6 4.5-25.3 4.5-32.2 0-53.8-20.3-53.8-63-.1-43.5 22.2-64.6 54.9-64.6M231.43 2.95h-21.3l.1 27.3v94.3c0 26.3 11.4 43.9 43.9 43.9 4.5 0 8.9-.4 13.1-1.2v-19.1c-3.1.5-6.4.7-9.9.7-17.9 0-25.8-9.2-25.8-24.6v-65h35.7v-17.8h-35.7l-.1-38.5M155.96 165.47h21.3v-124h-21.3v124M155.96 24.37h21.3V3.07h-21.3v21.3"/></svg>

</span>
</a></h1>
<ul class="list-unstyled navbar-sub-nav">
<li id="nav-projects-dropdown" class="home dropdown header-projects qa-projects-dropdown"><a data-toggle="dropdown" href="#">
Projects
<svg class=" caret-down"><use xlink:href="/assets/icons-fe86f87a3d244c952cc0ec8d7f88c5effefcbe454d751d8449d4a1a32aaaf9a0.svg#angle-down"></use></svg>
</a>
<div class="dropdown-menu projects-dropdown-menu">
<div class="projects-dropdown-container">
<div class="project-dropdown-sidebar qa-projects-dropdown-sidebar">
<ul>
<li class=""><a class="qa-your-projects-link" href="/dashboard/projects">Your projects
</a></li><li class=""><a href="/dashboard/projects/starred">Starred projects
</a></li><li class=""><a href="/explore">Explore projects
</a></li></ul>
</div>
<div class="project-dropdown-content">
<div data-project-id="220" data-project-name="GWARL201808DATA3" data-project-namespace="GW-Coding-Boot-Camp / GWARL201808DATA3" data-project-web-url="/GW-Coding-Boot-Camp/GWARL201808DATA3" data-user-name="therealrastie" id="js-projects-dropdown"></div>
</div>
</div>

</div>
</li><li class="hidden-xs"><a class="dashboard-shortcuts-groups qa-groups-link" title="Groups" href="/dashboard/groups">Groups
</a></li><li class="visible-lg"><a class="dashboard-shortcuts-activity" title="Activity" href="/dashboard/activity">Activity
</a></li><li class="visible-lg"><a class="dashboard-shortcuts-milestones" title="Milestones" href="/dashboard/milestones">Milestones
</a></li><li class="visible-lg"><a class="dashboard-shortcuts-snippets" title="Snippets" href="/dashboard/snippets">Snippets
</a></li><li class="header-more dropdown hidden-lg">
<a data-toggle="dropdown" href="#">
More
<svg class=" caret-down"><use xlink:href="/assets/icons-fe86f87a3d244c952cc0ec8d7f88c5effefcbe454d751d8449d4a1a32aaaf9a0.svg#angle-down"></use></svg>
</a>
<div class="dropdown-menu">
<ul>
<li class="visible-xs"><a class="dashboard-shortcuts-groups" title="Groups" href="/dashboard/groups">Groups
</a></li><li class=""><a title="Activity" href="/dashboard/activity">Activity
</a></li><li class=""><a class="dashboard-shortcuts-milestones" title="Milestones" href="/dashboard/milestones">Milestones
</a></li><li class=""><a class="dashboard-shortcuts-snippets" title="Snippets" href="/dashboard/snippets">Snippets
</a></li></ul>
</div>
</li>
<li class="hidden">
<a title="Projects" class="dashboard-shortcuts-projects" href="/dashboard/projects">Projects
</a></li>
</ul>

</div>
<div class="navbar-collapse collapse">
<ul class="nav navbar-nav">
<li class="header-new dropdown">
<a class="header-new-dropdown-toggle has-tooltip qa-new-menu-toggle" title="New..." ref="tooltip" aria-label="New..." data-toggle="dropdown" data-placement="bottom" data-container="body" href="/projects/new"><svg class="s16"><use xlink:href="/assets/icons-fe86f87a3d244c952cc0ec8d7f88c5effefcbe454d751d8449d4a1a32aaaf9a0.svg#plus-square"></use></svg>
<svg class=" caret-down"><use xlink:href="/assets/icons-fe86f87a3d244c952cc0ec8d7f88c5effefcbe454d751d8449d4a1a32aaaf9a0.svg#angle-down"></use></svg>
</a><div class="dropdown-menu-nav dropdown-menu-align-right">
<ul>
<li class="dropdown-bold-header">This project</li>
<li>
<a href="/GW-Coding-Boot-Camp/GWARL201808DATA3/issues/new">New issue</a>
</li>
<li>
<a href="/GW-Coding-Boot-Camp/GWARL201808DATA3/merge_requests/new">New merge request</a>
</li>
<li class="header-new-project-snippet">
<a href="/GW-Coding-Boot-Camp/GWARL201808DATA3/snippets/new">New snippet</a>
</li>
<li class="divider"></li>
<li class="dropdown-bold-header">GitLab</li>
<li>
<a href="/projects/new">New project</a>
</li>
<li>
<a href="/groups/new">New group</a>
</li>
<li>
<a href="/snippets/new">New snippet</a>
</li>
</ul>
</div>
</li>

<li class="hidden-sm hidden-xs">
<div class="has-location-badge search search-form">
<form class="navbar-form" action="/search" accept-charset="UTF-8" method="get"><input name="utf8" type="hidden" value="&#x2713;" /><div class="search-input-container">
<div class="location-badge">This project</div>
<div class="search-input-wrap">
<div class="dropdown" data-url="/search/autocomplete">
<input type="search" name="search" id="search" placeholder="Search" class="search-input dropdown-menu-toggle no-outline js-search-dashboard-options" spellcheck="false" tabindex="1" autocomplete="off" data-issues-path="/dashboard/issues" data-mr-path="/dashboard/merge_requests" aria-label="Search" />
<button class="hidden js-dropdown-search-toggle" data-toggle="dropdown" type="button"></button>
<div class="dropdown-menu dropdown-select">
<div class="dropdown-content"><ul>
<li class="dropdown-menu-empty-item">
<a>
Loading...
</a>
</li>
</ul>
</div><div class="dropdown-loading"><i aria-hidden="true" data-hidden="true" class="fa fa-spinner fa-spin"></i></div>
</div>
<svg class="s16 search-icon"><use xlink:href="/assets/icons-fe86f87a3d244c952cc0ec8d7f88c5effefcbe454d751d8449d4a1a32aaaf9a0.svg#search"></use></svg>
<svg class="s16 clear-icon js-clear-input"><use xlink:href="/assets/icons-fe86f87a3d244c952cc0ec8d7f88c5effefcbe454d751d8449d4a1a32aaaf9a0.svg#close"></use></svg>
</div>
</div>
</div>
<input type="hidden" name="group_id" id="group_id" class="js-search-group-options" />
<input type="hidden" name="project_id" id="search_project_id" value="220" class="js-search-project-options" data-project-path="GWARL201808DATA3" data-name="GWARL201808DATA3" data-issues-path="/GW-Coding-Boot-Camp/GWARL201808DATA3/issues" data-mr-path="/GW-Coding-Boot-Camp/GWARL201808DATA3/merge_requests" data-issues-disabled="false" />
<input type="hidden" name="search_code" id="search_code" value="true" />
<input type="hidden" name="repository_ref" id="repository_ref" value="master" />

<div class="search-autocomplete-opts hide" data-autocomplete-path="/search/autocomplete" data-autocomplete-project-id="220" data-autocomplete-project-ref="master"></div>
</form></div>

</li>
<li class="visible-sm-inline-block visible-xs-inline-block">
<a title="Search" aria-label="Search" data-toggle="tooltip" data-placement="bottom" data-container="body" href="/search"><svg class="s16"><use xlink:href="/assets/icons-fe86f87a3d244c952cc0ec8d7f88c5effefcbe454d751d8449d4a1a32aaaf9a0.svg#search"></use></svg>
</a></li>
<li class="user-counter"><a title="Issues" class="dashboard-shortcuts-issues" aria-label="Issues" data-toggle="tooltip" data-placement="bottom" data-container="body" href="/dashboard/issues?assignee_id=714"><svg class="s16"><use xlink:href="/assets/icons-fe86f87a3d244c952cc0ec8d7f88c5effefcbe454d751d8449d4a1a32aaaf9a0.svg#issues"></use></svg>
<span class="badge hidden issues-count">
0
</span>
</a></li><li class="user-counter"><a title="Merge requests" class="dashboard-shortcuts-merge_requests" aria-label="Merge requests" data-toggle="tooltip" data-placement="bottom" data-container="body" href="/dashboard/merge_requests?assignee_id=714"><svg class="s16"><use xlink:href="/assets/icons-fe86f87a3d244c952cc0ec8d7f88c5effefcbe454d751d8449d4a1a32aaaf9a0.svg#git-merge"></use></svg>
<span class="badge hidden merge-requests-count">
0
</span>
</a></li><li class="user-counter"><a title="Todos" aria-label="Todos" class="shortcuts-todos" data-toggle="tooltip" data-placement="bottom" data-container="body" href="/dashboard/todos"><svg class="s16"><use xlink:href="/assets/icons-fe86f87a3d244c952cc0ec8d7f88c5effefcbe454d751d8449d4a1a32aaaf9a0.svg#todo-done"></use></svg>
<span class="badge hidden todos-count">
0
</span>
</a></li><li class="header-user dropdown">
<a class="header-user-dropdown-toggle" data-toggle="dropdown" href="/therealrastie"><img width="23" height="23" class="header-user-avatar qa-user-avatar lazy" data-src="https://secure.gravatar.com/avatar/abf01d6ff029212bf48d41b72f8cee50?s=46&amp;d=identicon" src="data:image/gif;base64,R0lGODlhAQABAAAAACH5BAEKAAEALAAAAAABAAEAAAICTAEAOw==" />
<svg class=" caret-down"><use xlink:href="/assets/icons-fe86f87a3d244c952cc0ec8d7f88c5effefcbe454d751d8449d4a1a32aaaf9a0.svg#angle-down"></use></svg>
</a><div class="dropdown-menu-nav dropdown-menu-align-right">
<ul>
<li class="current-user">
<div class="user-name bold">
Randolf Fonkwo
</div>
@therealrastie
</li>
<li class="divider"></li>
<li>
<a class="profile-link" data-user="therealrastie" href="/therealrastie">Profile</a>
</li>
<li>
<a href="/profile">Settings</a>
</li>
<li>
<a href="/help">Help</a>
</li>
<li class="divider"></li>
<li>
<a class="sign-out-link" href="/users/sign_out">Sign out</a>
</li>
</ul>
</div>
</li>
</ul>
</div>
<button class="navbar-toggle hidden-sm hidden-md hidden-lg" type="button">
<span class="sr-only">Toggle navigation</span>
<svg class="s12 more-icon js-navbar-toggle-right"><use xlink:href="/assets/icons-fe86f87a3d244c952cc0ec8d7f88c5effefcbe454d751d8449d4a1a32aaaf9a0.svg#more"></use></svg>
<svg class="s12 close-icon js-navbar-toggle-left"><use xlink:href="/assets/icons-fe86f87a3d244c952cc0ec8d7f88c5effefcbe454d751d8449d4a1a32aaaf9a0.svg#close"></use></svg>
</button>
</div>
</div>
</header>

<div class="layout-page page-with-contextual-sidebar page-with-icon-sidebar">
<div class="nav-sidebar sidebar-collapsed-desktop">
<div class="nav-sidebar-inner-scroll">
<div class="context-header">
<a title="GWARL201808DATA3" href="/GW-Coding-Boot-Camp/GWARL201808DATA3"><div class="avatar-container s40 project-avatar">
<div class="avatar s40 avatar-tile identicon" style="background-color: #E3F2FD; color: #555">G</div>
</div>
<div class="sidebar-context-title">
GWARL201808DATA3
</div>
</a></div>
<ul class="sidebar-top-level-items">
<li class="home"><a class="shortcuts-project" href="/GW-Coding-Boot-Camp/GWARL201808DATA3"><div class="nav-icon-container">
<svg><use xlink:href="/assets/icons-fe86f87a3d244c952cc0ec8d7f88c5effefcbe454d751d8449d4a1a32aaaf9a0.svg#project"></use></svg>
</div>
<span class="nav-item-name">
Overview
</span>
</a><ul class="sidebar-sub-level-items">
<li class="fly-out-top-item"><a href="/GW-Coding-Boot-Camp/GWARL201808DATA3"><strong class="fly-out-top-item-name">
Overview
</strong>
</a></li><li class="divider fly-out-top-item"></li>
<li class=""><a title="Project details" class="shortcuts-project" href="/GW-Coding-Boot-Camp/GWARL201808DATA3"><span>Details</span>
</a></li><li class=""><a title="Activity" class="shortcuts-project-activity" href="/GW-Coding-Boot-Camp/GWARL201808DATA3/activity"><span>Activity</span>
</a></li><li class=""><a title="Cycle Analytics" class="shortcuts-project-cycle-analytics" href="/GW-Coding-Boot-Camp/GWARL201808DATA3/cycle_analytics"><span>Cycle Analytics</span>
</a></li></ul>
</li><li class="active"><a class="shortcuts-tree" href="/GW-Coding-Boot-Camp/GWARL201808DATA3/tree/master"><div class="nav-icon-container">
<svg><use xlink:href="/assets/icons-fe86f87a3d244c952cc0ec8d7f88c5effefcbe454d751d8449d4a1a32aaaf9a0.svg#doc_text"></use></svg>
</div>
<span class="nav-item-name">
Repository
</span>
</a><ul class="sidebar-sub-level-items">
<li class="fly-out-top-item active"><a href="/GW-Coding-Boot-Camp/GWARL201808DATA3/tree/master"><strong class="fly-out-top-item-name">
Repository
</strong>
</a></li><li class="divider fly-out-top-item"></li>
<li class="active"><a href="/GW-Coding-Boot-Camp/GWARL201808DATA3/tree/master">Files
</a></li><li class=""><a href="/GW-Coding-Boot-Camp/GWARL201808DATA3/commits/master">Commits
</a></li><li class=""><a href="/GW-Coding-Boot-Camp/GWARL201808DATA3/branches">Branches
</a></li><li class=""><a href="/GW-Coding-Boot-Camp/GWARL201808DATA3/tags">Tags
</a></li><li class=""><a href="/GW-Coding-Boot-Camp/GWARL201808DATA3/graphs/master">Contributors
</a></li><li class=""><a href="/GW-Coding-Boot-Camp/GWARL201808DATA3/network/master">Graph
</a></li><li class=""><a href="/GW-Coding-Boot-Camp/GWARL201808DATA3/compare?from=master&amp;to=master">Compare
</a></li><li class=""><a href="/GW-Coding-Boot-Camp/GWARL201808DATA3/graphs/master/charts">Charts
</a></li></ul>
</li><li class=""><a class="shortcuts-issues" href="/GW-Coding-Boot-Camp/GWARL201808DATA3/issues"><div class="nav-icon-container">
<svg><use xlink:href="/assets/icons-fe86f87a3d244c952cc0ec8d7f88c5effefcbe454d751d8449d4a1a32aaaf9a0.svg#issues"></use></svg>
</div>
<span class="nav-item-name">
Issues
</span>
<span class="badge count issue_counter">
0
</span>
</a><ul class="sidebar-sub-level-items">
<li class="fly-out-top-item"><a href="/GW-Coding-Boot-Camp/GWARL201808DATA3/issues"><strong class="fly-out-top-item-name">
Issues
</strong>
<span class="badge count issue_counter fly-out-badge">
0
</span>
</a></li><li class="divider fly-out-top-item"></li>
<li class=""><a title="Issues" href="/GW-Coding-Boot-Camp/GWARL201808DATA3/issues"><span>
List
</span>
</a></li><li class=""><a title="Board" href="/GW-Coding-Boot-Camp/GWARL201808DATA3/boards"><span>
Board
</span>
</a></li><li class=""><a title="Labels" href="/GW-Coding-Boot-Camp/GWARL201808DATA3/labels"><span>
Labels
</span>
</a></li><li class=""><a title="Milestones" href="/GW-Coding-Boot-Camp/GWARL201808DATA3/milestones"><span>
Milestones
</span>
</a></li></ul>
</li><li class=""><a class="shortcuts-merge_requests" href="/GW-Coding-Boot-Camp/GWARL201808DATA3/merge_requests"><div class="nav-icon-container">
<svg><use xlink:href="/assets/icons-fe86f87a3d244c952cc0ec8d7f88c5effefcbe454d751d8449d4a1a32aaaf9a0.svg#git-merge"></use></svg>
</div>
<span class="nav-item-name">
Merge Requests
</span>
<span class="badge count merge_counter js-merge-counter">
0
</span>
</a><ul class="sidebar-sub-level-items is-fly-out-only">
<li class="fly-out-top-item"><a href="/GW-Coding-Boot-Camp/GWARL201808DATA3/merge_requests"><strong class="fly-out-top-item-name">
Merge Requests
</strong>
<span class="badge count merge_counter js-merge-counter fly-out-badge">
0
</span>
</a></li></ul>
</li><li class=""><a class="shortcuts-pipelines" href="/GW-Coding-Boot-Camp/GWARL201808DATA3/pipelines"><div class="nav-icon-container">
<svg><use xlink:href="/assets/icons-fe86f87a3d244c952cc0ec8d7f88c5effefcbe454d751d8449d4a1a32aaaf9a0.svg#pipeline"></use></svg>
</div>
<span class="nav-item-name">
CI / CD
</span>
</a><ul class="sidebar-sub-level-items">
<li class="fly-out-top-item"><a href="/GW-Coding-Boot-Camp/GWARL201808DATA3/pipelines"><strong class="fly-out-top-item-name">
CI / CD
</strong>
</a></li><li class="divider fly-out-top-item"></li>
<li class=""><a title="Pipelines" class="shortcuts-pipelines" href="/GW-Coding-Boot-Camp/GWARL201808DATA3/pipelines"><span>
Pipelines
</span>
</a></li><li class=""><a title="Jobs" class="shortcuts-builds" href="/GW-Coding-Boot-Camp/GWARL201808DATA3/-/jobs"><span>
Jobs
</span>
</a></li><li class=""><a title="Schedules" class="shortcuts-builds" href="/GW-Coding-Boot-Camp/GWARL201808DATA3/pipeline_schedules"><span>
Schedules
</span>
</a></li><li class=""><a title="Environments" class="shortcuts-environments" href="/GW-Coding-Boot-Camp/GWARL201808DATA3/environments"><span>
Environments
</span>
</a></li><li class=""><a title="Charts" class="shortcuts-pipelines-charts" href="/GW-Coding-Boot-Camp/GWARL201808DATA3/pipelines/charts"><span>
Charts
</span>
</a></li></ul>
</li><li class=""><a class="shortcuts-wiki" href="/GW-Coding-Boot-Camp/GWARL201808DATA3/wikis/home"><div class="nav-icon-container">
<svg><use xlink:href="/assets/icons-fe86f87a3d244c952cc0ec8d7f88c5effefcbe454d751d8449d4a1a32aaaf9a0.svg#book"></use></svg>
</div>
<span class="nav-item-name">
Wiki
</span>
</a><ul class="sidebar-sub-level-items is-fly-out-only">
<li class="fly-out-top-item"><a href="/GW-Coding-Boot-Camp/GWARL201808DATA3/wikis/home"><strong class="fly-out-top-item-name">
Wiki
</strong>
</a></li></ul>
</li><li class=""><a class="shortcuts-snippets" href="/GW-Coding-Boot-Camp/GWARL201808DATA3/snippets"><div class="nav-icon-container">
<svg><use xlink:href="/assets/icons-fe86f87a3d244c952cc0ec8d7f88c5effefcbe454d751d8449d4a1a32aaaf9a0.svg#snippet"></use></svg>
</div>
<span class="nav-item-name">
Snippets
</span>
</a><ul class="sidebar-sub-level-items is-fly-out-only">
<li class="fly-out-top-item"><a href="/GW-Coding-Boot-Camp/GWARL201808DATA3/snippets"><strong class="fly-out-top-item-name">
Snippets
</strong>
</a></li></ul>
</li><li class=""><a title="Members" class="shortcuts-tree" href="/GW-Coding-Boot-Camp/GWARL201808DATA3/settings/members"><div class="nav-icon-container">
<svg><use xlink:href="/assets/icons-fe86f87a3d244c952cc0ec8d7f88c5effefcbe454d751d8449d4a1a32aaaf9a0.svg#users"></use></svg>
</div>
<span class="nav-item-name">
Members
</span>
</a><ul class="sidebar-sub-level-items is-fly-out-only">
<li class="fly-out-top-item"><a href="/GW-Coding-Boot-Camp/GWARL201808DATA3/project_members"><strong class="fly-out-top-item-name">
Members
</strong>
</a></li></ul>
</li><a class="toggle-sidebar-button js-toggle-sidebar" role="button" title="Toggle sidebar" type="button">
<svg class=" icon-angle-double-left"><use xlink:href="/assets/icons-fe86f87a3d244c952cc0ec8d7f88c5effefcbe454d751d8449d4a1a32aaaf9a0.svg#angle-double-left"></use></svg>
<svg class=" icon-angle-double-right"><use xlink:href="/assets/icons-fe86f87a3d244c952cc0ec8d7f88c5effefcbe454d751d8449d4a1a32aaaf9a0.svg#angle-double-right"></use></svg>
<span class="collapse-text">Collapse sidebar</span>
</a>
<button name="button" type="button" class="close-nav-button"><svg class="s16"><use xlink:href="/assets/icons-fe86f87a3d244c952cc0ec8d7f88c5effefcbe454d751d8449d4a1a32aaaf9a0.svg#close"></use></svg>
<span class="collapse-text">Close sidebar</span>
</button>
<li class="hidden">
<a title="Activity" class="shortcuts-project-activity" href="/GW-Coding-Boot-Camp/GWARL201808DATA3/activity"><span>
Activity
</span>
</a></li>
<li class="hidden">
<a title="Network" class="shortcuts-network" href="/GW-Coding-Boot-Camp/GWARL201808DATA3/network/master">Graph
</a></li>
<li class="hidden">
<a title="Charts" class="shortcuts-repository-charts" href="/GW-Coding-Boot-Camp/GWARL201808DATA3/graphs/master/charts">Charts
</a></li>
<li class="hidden">
<a class="shortcuts-new-issue" href="/GW-Coding-Boot-Camp/GWARL201808DATA3/issues/new">Create a new issue
</a></li>
<li class="hidden">
<a title="Jobs" class="shortcuts-builds" href="/GW-Coding-Boot-Camp/GWARL201808DATA3/-/jobs">Jobs
</a></li>
<li class="hidden">
<a title="Commits" class="shortcuts-commits" href="/GW-Coding-Boot-Camp/GWARL201808DATA3/commits/master">Commits
</a></li>
<li class="hidden">
<a title="Issue Boards" class="shortcuts-issue-boards" href="/GW-Coding-Boot-Camp/GWARL201808DATA3/boards">Issue Boards</a>
</li>
</ul>
</div>
</div>

<div class="content-wrapper">

<div class="mobile-overlay"></div>
<div class="alert-wrapper">



<nav class="breadcrumbs container-fluid container-limited" role="navigation">
<div class="breadcrumbs-container">
<button name="button" type="button" class="toggle-mobile-nav"><span class="sr-only">Open sidebar</span>
<i aria-hidden="true" data-hidden="true" class="fa fa-bars"></i>
</button><div class="breadcrumbs-links js-title-container">
<ul class="list-unstyled breadcrumbs-list js-breadcrumbs-list">
<li><a class="group-path breadcrumb-item-text js-breadcrumb-item-text " href="/GW-Coding-Boot-Camp"><img class="avatar-tile lazy" width="15" height="15" data-src="/uploads/-/system/group/avatar/5/gw_logo.jpeg" src="data:image/gif;base64,R0lGODlhAQABAAAAACH5BAEKAAEALAAAAAABAAEAAAICTAEAOw==" />GW-Coding-Boot-Camp</a><svg class="s8 breadcrumbs-list-angle"><use xlink:href="/assets/icons-fe86f87a3d244c952cc0ec8d7f88c5effefcbe454d751d8449d4a1a32aaaf9a0.svg#angle-right"></use></svg></li> <li><a href="/GW-Coding-Boot-Camp/GWARL201808DATA3"><span class="breadcrumb-item-text js-breadcrumb-item-text">GWARL201808DATA3</span></a><svg class="s8 breadcrumbs-list-angle"><use xlink:href="/assets/icons-fe86f87a3d244c952cc0ec8d7f88c5effefcbe454d751d8449d4a1a32aaaf9a0.svg#angle-right"></use></svg></li>

<li>
<h2 class="breadcrumbs-sub-title"><a href="/GW-Coding-Boot-Camp/GWARL201808DATA3/blob/master/03-Python/Homework/Instructions/PyPoll/Resources/election_data.csv">Repository</a></h2>
</li>
</ul>
</div>

</div>
</nav>

<div class="flash-container flash-container-page">
</div>

</div>
<div class=" ">
<div class="content" id="content-body">
<div class="container-fluid container-limited">

<div class="tree-holder" id="tree-holder">
<div class="nav-block">
<div class="tree-ref-container">
<div class="tree-ref-holder">
<form class="project-refs-form" action="/GW-Coding-Boot-Camp/GWARL201808DATA3/refs/switch" accept-charset="UTF-8" method="get"><input name="utf8" type="hidden" value="&#x2713;" /><input type="hidden" name="destination" id="destination" value="blob" />
<input type="hidden" name="path" id="path" value="03-Python/Homework/Instructions/PyPoll/Resources/election_data.csv" />
<div class="dropdown">
<button class="dropdown-menu-toggle js-project-refs-dropdown" type="button" data-toggle="dropdown" data-selected="master" data-ref="master" data-refs-url="/GW-Coding-Boot-Camp/GWARL201808DATA3/refs?sort=updated_desc" data-field-name="ref" data-submit-form-on-click="true" data-visit="true"><span class="dropdown-toggle-text ">master</span><i aria-hidden="true" data-hidden="true" class="fa fa-chevron-down"></i></button>
<div class="dropdown-menu dropdown-menu-paging dropdown-menu-selectable git-revision-dropdown">
<div class="dropdown-page-one">
<div class="dropdown-title"><span>Switch branch/tag</span><button class="dropdown-title-button dropdown-menu-close" aria-label="Close" type="button"><i aria-hidden="true" data-hidden="true" class="fa fa-times dropdown-menu-close-icon"></i></button></div>
<div class="dropdown-input"><input type="search" id="" class="dropdown-input-field" placeholder="Search branches and tags" autocomplete="off" /><i aria-hidden="true" data-hidden="true" class="fa fa-search dropdown-input-search"></i><i role="button" aria-hidden="true" data-hidden="true" class="fa fa-times dropdown-input-clear js-dropdown-input-clear"></i></div>
<div class="dropdown-content"></div>
<div class="dropdown-loading"><i aria-hidden="true" data-hidden="true" class="fa fa-spinner fa-spin"></i></div>
</div>
</div>
</div>
</form>
</div>
<ul class="breadcrumb repo-breadcrumb">
<li>
<a href="/GW-Coding-Boot-Camp/GWARL201808DATA3/tree/master">GWARL201808DATA3
</a></li>
<li>
<a href="/GW-Coding-Boot-Camp/GWARL201808DATA3/tree/master/03-Python">03-Python</a>
</li>
<li>
<a href="/GW-Coding-Boot-Camp/GWARL201808DATA3/tree/master/03-Python/Homework">Homework</a>
</li>
<li>
<a href="/GW-Coding-Boot-Camp/GWARL201808DATA3/tree/master/03-Python/Homework/Instructions">Instructions</a>
</li>
<li>
<a href="/GW-Coding-Boot-Camp/GWARL201808DATA3/tree/master/03-Python/Homework/Instructions/PyPoll">PyPoll</a>
</li>
<li>
<a href="/GW-Coding-Boot-Camp/GWARL201808DATA3/tree/master/03-Python/Homework/Instructions/PyPoll/Resources">Resources</a>
</li>
<li>
<a href="/GW-Coding-Boot-Camp/GWARL201808DATA3/blob/master/03-Python/Homework/Instructions/PyPoll/Resources/election_data.csv"><strong>election_data.csv</strong>
</a></li>
</ul>
</div>
<div class="tree-controls">
<a class="btn shortcuts-find-file" rel="nofollow" href="/GW-Coding-Boot-Camp/GWARL201808DATA3/find_file/master"><i aria-hidden="true" data-hidden="true" class="fa fa-search"></i>
<span>Find file</span>
</a>
<div class="btn-group" role="group"><a class="btn" href="/GW-Coding-Boot-Camp/GWARL201808DATA3/commits/master/03-Python/Homework/Instructions/PyPoll/Resources/election_data.csv">History</a><a class="btn js-data-file-blob-permalink-url" href="/GW-Coding-Boot-Camp/GWARL201808DATA3/blob/e0cd7693478ba6b6fc5d95452ee00b09666c479e/03-Python/Homework/Instructions/PyPoll/Resources/election_data.csv">Permalink</a></div>
</div>
</div>

<div class="info-well hidden-xs">
<div class="well-segment">
<ul class="blob-commit-info">
<li class="commit flex-row js-toggle-container" id="commit-faa73fae">
<div class="avatar-cell hidden-xs">
<a href="/anishnyk"><img alt="Anishsanjay Nayak&#39;s avatar" src="https://secure.gravatar.com/avatar/476c24ad8545adfe17b442f889e25ca3?s=72&amp;d=identicon" data-container="body" class="avatar s36 hidden-xs has-tooltip" title="Anishsanjay Nayak" /></a>
</div>
<div class="commit-detail flex-list">
<div class="commit-content">
<a class="commit-row-message item-title" href="/GW-Coding-Boot-Camp/GWARL201808DATA3/commit/faa73faede8b233950778212c299a8d0af0cf776">restructuring and adding activities</a>
<span class="commit-row-message visible-xs-inline">
&middot;
faa73fae
</span>
<div class="commiter">
<a class="commit-author-link has-tooltip" title="anishnayak@gwu.edu" href="/anishnyk">Anishsanjay Nayak</a> authored <time class="js-timeago" title="Aug 29, 2018 1:57pm" datetime="2018-08-29T13:57:58Z" data-toggle="tooltip" data-placement="bottom" data-container="body">Aug 29, 2018</time>
</div>
</div>
<div class="commit-actions flex-row hidden-xs">

<div class="js-commit-pipeline-status" data-endpoint="/GW-Coding-Boot-Camp/GWARL201808DATA3/commit/faa73faede8b233950778212c299a8d0af0cf776/pipelines"></div>
<div class="commit-sha-group">
<div class="label label-monospace">
faa73fae
</div>
<button class="btn btn btn-default" data-toggle="tooltip" data-placement="bottom" data-container="body" data-title="Copy commit SHA to clipboard" data-class="btn btn-default" data-clipboard-text="faa73faede8b233950778212c299a8d0af0cf776" type="button" title="Copy commit SHA to clipboard" aria-label="Copy commit SHA to clipboard"><i aria-hidden="true" aria-hidden="true" data-hidden="true" class="fa fa-clipboard"></i></button>

</div>
</div>
</div>
</li>

</ul>
</div>

</div>
<div class="blob-content-holder" id="blob-content-holder">
<article class="file-holder">
<div class="js-file-title file-title-flex-parent">
<div class="file-header-content">
<i aria-hidden="true" data-hidden="true" class="fa fa-file-text-o fa-fw"></i>
<strong class="file-title-name">
election_data.csv
</strong>
<button class="btn btn-clipboard btn-transparent prepend-left-5" data-toggle="tooltip" data-placement="bottom" data-container="body" data-class="btn-clipboard btn-transparent prepend-left-5" data-title="Copy file path to clipboard" data-clipboard-text="{&quot;text&quot;:&quot;03-Python/Homework/Instructions/PyPoll/Resources/election_data.csv&quot;,&quot;gfm&quot;:&quot;`03-Python/Homework/Instructions/PyPoll/Resources/election_data.csv`&quot;}" type="button" title="Copy file path to clipboard" aria-label="Copy file path to clipboard"><i aria-hidden="true" aria-hidden="true" data-hidden="true" class="fa fa-clipboard"></i></button>
<small>
68.3 MB
</small>
</div>

<div class="file-actions">

<div class="btn-group" role="group"><a class="btn btn-sm has-tooltip" target="_blank" rel="noopener noreferrer" title="Open raw" data-container="body" href="/GW-Coding-Boot-Camp/GWARL201808DATA3/raw/master/03-Python/Homework/Instructions/PyPoll/Resources/election_data.csv"><i aria-hidden="true" data-hidden="true" class="fa fa-file-code-o"></i></a></div>
<div class="btn-group" role="group"><button name="button" type="submit" class="btn btn-default" data-target="#modal-upload-blob" data-toggle="modal">Replace</button><button name="button" type="submit" class="btn btn-remove" data-target="#modal-remove-blob" data-toggle="modal">Delete</button></div>
</div>
</div>
<div class="js-file-fork-suggestion-section file-fork-suggestion hidden">
<span class="file-fork-suggestion-note">
You're not allowed to
<span class="js-file-fork-suggestion-section-action">
edit
</span>
files in this project directly. Please fork this project,
make your changes there, and submit a merge request.
</span>
<a class="js-fork-suggestion-button btn btn-grouped btn-inverted btn-new" rel="nofollow" data-method="post" href="/GW-Coding-Boot-Camp/GWARL201808DATA3/blob/master/03-Python/Homework/Instructions/PyPoll/Resources/election_data.csv">Fork</a>
<button class="js-cancel-fork-suggestion-button btn btn-grouped" type="button">
Cancel
</button>
</div>


<div class="blob-viewer" data-type="simple">
<div class="file-content code">
<div class="nothing-here-block">
The source could not be displayed because it is larger than 10 MB.
You can
<a target="_blank" rel="noopener noreferrer" href="/GW-Coding-Boot-Camp/GWARL201808DATA3/raw/master/03-Python/Homework/Instructions/PyPoll/Resources/election_data.csv">download it</a>
instead.
</div>
</div>

</div>


</article>
</div>

<div class="modal" id="modal-remove-blob">
<div class="modal-dialog">
<div class="modal-content">
<div class="modal-header">
<a class="close" data-dismiss="modal" href="#">×</a>
<h3 class="page-title">Delete election_data.csv</h3>
</div>
<div class="modal-body">
<form class="form-horizontal js-delete-blob-form js-quick-submit js-requires-input" action="/GW-Coding-Boot-Camp/GWARL201808DATA3/blob/master/03-Python/Homework/Instructions/PyPoll/Resources/election_data.csv" accept-charset="UTF-8" method="post"><input name="utf8" type="hidden" value="&#x2713;" /><input type="hidden" name="_method" value="delete" /><input type="hidden" name="authenticity_token" value="Meelgx2Y+qVjCNAi3ta7sWKGNynpzI87ThK+Wf6+aMtyNM/vamglqXSPuEmKjdMliqC9Z/A8RWXU5kdDuaxuiw==" /><div class="form-group commit_message-group">
<label class="control-label" for="commit_message-405f6b88deb4d76d6f3e60e0cf520e10">Commit message
</label><div class="col-sm-10">
<div class="commit-message-container">
<div class="max-width-marker"></div>
<textarea name="commit_message" id="commit_message-405f6b88deb4d76d6f3e60e0cf520e10" class="form-control js-commit-message" placeholder="Delete election_data.csv" required="required" rows="3">
Delete election_data.csv</textarea>
</div>
</div>
</div>

<div class="form-group branch">
<label class="control-label" for="branch_name">Target Branch</label>
<div class="col-sm-10">
<input type="text" name="branch_name" id="branch_name" value="patch-2" required="required" class="form-control js-branch-name ref-name" />
<div class="js-create-merge-request-container">
<div class="checkbox">
<label for="create_merge_request-d9e32e12784e5881554347014d4ffdca"><input type="checkbox" name="create_merge_request" id="create_merge_request-d9e32e12784e5881554347014d4ffdca" value="1" class="js-create-merge-request" checked="checked" />
Start a <strong>new merge request</strong> with these changes
</label></div>

</div>
</div>
</div>
<input type="hidden" name="original_branch" id="original_branch" value="master" class="js-original-branch" />

<div class="form-group">
<div class="col-sm-offset-2 col-sm-10">
<button name="button" type="submit" class="btn btn-remove btn-remove-file">Delete file</button>
<a class="btn btn-cancel" data-dismiss="modal" href="#">Cancel</a>
</div>
</div>
</form></div>
</div>
</div>
</div>

<div class="modal" id="modal-upload-blob">
<div class="modal-dialog modal-lg">
<div class="modal-content">
<div class="modal-header">
<a class="close" data-dismiss="modal" href="#">&times;</a>
<h3 class="page-title">Replace election_data.csv</h3>
</div>
<div class="modal-body">
<form class="js-quick-submit js-upload-blob-form form-horizontal" data-method="put" action="/GW-Coding-Boot-Camp/GWARL201808DATA3/update/master/03-Python/Homework/Instructions/PyPoll/Resources/election_data.csv" accept-charset="UTF-8" method="post"><input name="utf8" type="hidden" value="&#x2713;" /><input type="hidden" name="_method" value="put" /><input type="hidden" name="authenticity_token" value="W42KezRFTPusaGnmFkUSalHYh/fPgG8raGZyba8BFPYYXuAXQ7WT97vvAY1CHnr+uf4NudZwpXXykot36BMStg==" /><div class="dropzone">
<div class="dropzone-previews blob-upload-dropzone-previews">
<p class="dz-message light">
Attach a file by drag &amp; drop or <a class="markdown-selector" href="#">click to upload</a>
</p>
</div>
</div>
<br>
<div class="dropzone-alerts alert alert-danger data" style="display:none"></div>
<div class="form-group commit_message-group">
<label class="control-label" for="commit_message-7e9d6c0efe19f430c94277a967108217">Commit message
</label><div class="col-sm-10">
<div class="commit-message-container">
<div class="max-width-marker"></div>
<textarea name="commit_message" id="commit_message-7e9d6c0efe19f430c94277a967108217" class="form-control js-commit-message" placeholder="Replace election_data.csv" required="required" rows="3">
Replace election_data.csv</textarea>
</div>
</div>
</div>

<div class="form-group branch">
<label class="control-label" for="branch_name">Target Branch</label>
<div class="col-sm-10">
<input type="text" name="branch_name" id="branch_name" value="patch-2" required="required" class="form-control js-branch-name ref-name" />
<div class="js-create-merge-request-container">
<div class="checkbox">
<label for="create_merge_request-a463ab78f643bc25a5ac6fcc2c5166f9"><input type="checkbox" name="create_merge_request" id="create_merge_request-a463ab78f643bc25a5ac6fcc2c5166f9" value="1" class="js-create-merge-request" checked="checked" />
Start a <strong>new merge request</strong> with these changes
</label></div>

</div>
</div>
</div>
<input type="hidden" name="original_branch" id="original_branch" value="master" class="js-original-branch" />

<div class="form-actions">
<button name="button" type="button" class="btn btn-create btn-upload-file" id="submit-all"><i aria-hidden="true" data-hidden="true" class="fa fa-spin fa-spinner js-loading-icon hidden"></i>
Replace file
</button><a class="btn btn-cancel" data-dismiss="modal" href="#">Cancel</a>

</div>
</form></div>
</div>
</div>
</div>

</div>
</div>

</div>
</div>
</div>
</div>


</body>
</html>

